1000 4000
0 154
0 161
0 306
0 437
0 670
0 886
0 908
0 326
0 423
0 583
1 5
1 268
1 581
1 109
1 447
1 784
1 854
2 96
2 206
2 681
2 687
2 794
2 900
2 97
2 156
2 736
2 744
3 64
3 298
3 537
3 706
3 716
3 139
3 144
3 214
3 434
3 572
3 605
3 957
3 975
3 984
4 183
4 783
4 923
4 164
4 508
4 835
5 487
5 649
5 410
5 541
5 562
5 660
6 43
6 137
6 547
6 606
6 87
6 303
6 380
6 607
6 645
6 777
7 601
7 888
7 433
7 471
7 595
7 597
7 696
7 927
8 853
8 996
8 242
8 605
9 609
9 923
9 207
9 398
9 555
10 393
10 444
10 682
10 586
10 636
10 797
11 522
11 886
11 12
11 165
11 198
11 332
11 829
12 800
12 98
12 708
12 744
12 889
13 93
13 144
13 223
13 447
13 628
13 58
13 101
13 946
14 128
14 154
14 176
14 425
14 748
14 80
14 555
14 666
15 240
15 334
15 609
15 939
15 225
15 566
15 655
16 242
16 526
16 802
16 845
16 891
16 361
16 376
16 538
16 769
17 621
17 650
17 717
17 801
17 851
17 18
17 42
17 544
18 102
18 343
18 435
18 130
18 132
18 157
19 99
19 246
19 404
19 594
19 326
19 675
20 53
20 268
20 413
20 434
20 635
20 50
20 64
20 336
20 490
20 617
21 116
21 383
21 969
21 152
21 433
21 477
21 482
22 73
22 130
22 164
22 870
22 56
22 322
23 424
23 43
23 522
23 865
24 167
24 650
24 206
24 243
24 286
24 726
24 780
24 867
24 941
25 55
25 100
25 128
25 476
25 590
25 266
25 293
25 494
25 988
26 300
26 397
26 455
26 459
26 482
26 814
26 173
27 367
27 554
27 728
28 58
28 108
28 482
28 62
28 279
28 489
28 760
28 773
29 40
29 135
29 595
29 130
29 368
29 380
29 562
29 569
29 671
29 735
29 741
30 147
30 511
30 529
30 806
30 838
30 918
30 59
30 83
30 437
30 776
30 852
31 112
31 115
31 392
31 307
31 429
32 113
32 477
32 563
32 740
32 961
32 979
32 135
32 152
32 386
32 579
32 612
32 985
32 993
33 132
33 548
33 857
33 946
34 431
34 55
34 209
34 277
34 377
34 413
34 473
35 37
35 157
35 317
35 523
35 589
35 595
35 731
35 747
35 822
35 825
35 889
35 926
35 953
35 267
35 272
35 557
36 462
36 539
36 974
36 133
36 169
36 658
36 659
36 748
36 993
37 753
37 775
37 777
37 793
37 212
37 732
37 948
38 135
38 224
38 514
38 876
38 917
38 809
39 419
39 695
39 835
39 54
39 411
39 508
39 531
39 558
39 622
40 129
40 500
40 511
40 925
40 962
40 621
40 837
41 798
41 703
41 971
42 60
42 98
42 119
42 139
42 141
42 663
42 827
43 73
43 830
43 396
43 459
43 557
43 571
43 576
43 923
43 974
44 48
44 209
44 263
44 362
44 372
44 75
44 93
44 175
44 276
44 534
44 579
45 81
45 712
45 129
45 423
46 283
46 813
46 641
46 652
46 728
47 546
47 821
47 62
47 179
47 251
47 426
47 640
47 645
47 660
48 120
48 800
48 94
48 178
48 352
48 448
48 452
48 461
48 510
48 776
49 339
49 423
49 449
49 233
49 328
49 494
49 863
50 583
50 925
50 990
50 157
50 283
50 341
50 342
50 343
50 355
50 895
51 53
51 157
51 173
51 877
51 992
51 117
51 191
51 205
51 319
51 596
51 684
51 832
52 521
52 755
52 756
52 750
52 757
52 772
52 887
53 140
53 663
53 312
53 355
53 452
53 591
53 877
54 374
54 685
54 985
54 705
54 793
54 995
54 997
55 703
55 857
55 873
56 74
56 149
56 246
56 871
56 925
56 92
56 301
56 629
57 549
57 787
57 896
57 942
57 644
58 74
58 77
58 157
58 205
58 560
58 589
58 782
58 981
59 200
59 723
59 887
59 914
59 318
59 726
60 523
60 178
60 584
60 982
61 812
61 271
62 215
62 486
62 581
62 103
62 229
62 424
62 495
62 963
63 355
63 567
63 685
63 401
63 457
63 578
63 810
64 493
64 681
64 595
65 178
65 194
65 386
65 413
65 684
65 737
65 787
65 889
65 329
65 677
66 247
66 289
66 379
66 897
66 279
67 337
67 612
67 840
67 976
67 241
67 301
67 310
67 590
68 331
68 762
68 520
68 599
68 828
68 994
69 204
69 442
69 444
69 742
69 949
69 391
69 528
69 577
69 905
70 98
70 623
70 816
70 897
70 236
70 511
70 614
70 716
70 812
71 318
71 477
71 674
71 962
72 99
72 358
72 363
72 519
72 151
72 393
72 625
72 837
72 870
73 461
73 514
73 770
73 233
73 473
74 110
74 513
74 633
74 713
74 950
74 257
74 826
74 952
75 285
75 282
75 741
76 986
76 284
76 888
77 132
77 286
77 947
77 954
77 240
77 405
77 487
78 114
78 319
78 412
78 418
78 467
78 520
78 651
78 714
79 257
79 931
79 225
79 339
79 895
80 99
80 468
80 503
81 201
81 315
81 377
81 384
81 447
81 148
81 318
81 405
81 685
81 817
81 908
82 142
82 236
82 340
82 527
82 557
82 854
82 254
82 453
82 487
82 684
82 694
83 454
83 191
83 668
84 133
84 159
84 244
84 681
84 759
84 780
84 995
84 97
84 428
84 865
85 860
85 988
85 721
85 854
86 169
86 180
86 292
86 352
86 425
86 461
86 479
86 971
86 516
86 525
87 142
87 175
87 247
87 937
87 361
87 532
87 564
87 585
87 828
87 926
88 273
88 359
88 381
88 744
88 365
88 784
88 904
88 958
89 130
89 318
89 334
89 382
89 687
89 693
89 750
89 778
89 138
89 534
89 928
89 933
90 746
90 914
90 154
90 268
90 335
91 139
91 163
91 252
91 760
91 891
91 941
91 331
91 558
91 579
91 643
92 463
92 826
92 961
92 636
92 930
93 93
93 134
93 255
93 617
93 693
93 117
93 686
93 765
93 865
93 881
94 425
94 506
94 662
94 809
94 998
94 152
94 198
94 574
94 681
94 798
94 975
95 699
95 815
95 818
95 834
95 282
95 603
95 808
95 809
96 237
96 348
96 787
96 942
96 138
96 252
96 760
97 195
97 551
97 635
97 892
97 216
97 381
97 500
97 744
98 221
98 251
98 689
98 780
98 835
98 183
98 630
99 224
99 264
99 360
99 382
99 477
99 621
99 150
99 584
99 599
99 687
99 777
99 856
100 259
100 416
100 579
100 561
100 624
100 647
100 915
101 157
101 318
101 533
101 584
101 590
101 674
101 832
101 889
101 948
101 976
101 127
101 205
101 330
101 554
101 770
101 946
102 387
102 736
102 804
102 300
102 451
102 561
102 574
102 888
103 126
103 833
103 896
103 426
103 916
104 410
104 607
104 691
104 717
104 790
105 941
105 287
105 312
105 332
105 626
105 837
106 256
106 319
106 409
106 777
106 221
106 422
106 761
106 812
107 133
107 472
107 647
107 655
107 453
108 248
108 456
108 847
108 891
108 129
108 381
108 467
108 476
108 645
108 733
109 123
109 415
109 425
109 674
109 697
109 744
109 790
109 869
109 444
109 480
109 865
109 927
110 682
110 209
110 599
110 737
111 340
111 361
111 461
111 546
111 689
111 783
111 830
111 207
112 324
112 489
112 657
112 861
112 928
112 222
112 403
112 765
113 155
113 274
113 678
113 203
113 630
113 719
113 853
113 995
114 125
114 339
114 624
114 880
114 293
114 298
114 396
114 415
114 504
114 650
114 906
115 374
115 722
115 405
115 432
115 588
115 914
116 291
116 925
116 341
116 849
116 916
116 978
117 161
117 591
117 760
117 917
118 268
118 479
118 847
118 941
118 438
118 504
118 629
119 146
119 589
119 966
119 143
119 160
119 162
119 297
119 673
119 676
119 960
120 179
120 185
120 410
120 688
120 887
120 318
120 326
120 729
121 244
121 407
121 535
121 685
121 498
122 408
122 483
122 229
122 278
122 429
122 526
122 568
122 711
122 738
122 768
122 946
123 209
123 220
123 684
123 975
124 792
124 846
124 294
124 542
124 685
125 158
125 477
125 793
125 868
125 889
126 167
126 227
126 451
126 461
126 557
126 729
126 301
126 376
126 939
126 961
127 173
127 353
127 368
127 614
128 999
129 179
129 230
129 529
129 970
129 976
129 558
129 600
129 777
129 818
130 194
130 433
130 705
130 789
130 165
131 866
131 965
131 408
131 652
131 765
131 809
132 577
132 787
132 928
132 462
133 254
133 383
133 533
133 828
133 863
133 892
133 134
133 393
133 569
133 601
133 717
133 858
133 952
134 516
134 698
134 885
134 945
135 449
135 607
135 984
135 165
136 659
136 717
136 897
136 195
136 217
136 244
136 431
137 558
137 804
137 756
137 919
138 285
138 360
138 417
138 558
138 750
138 809
138 816
138 978
138 610
138 659
138 784
139 143
139 245
139 954
139 361
139 588
139 615
139 727
139 748
139 844
140 567
140 978
140 309
140 386
140 633
140 780
140 992
141 429
141 455
141 606
141 666
141 329
141 435
141 636
141 702
141 867
142 294
142 329
142 506
142 579
142 751
142 852
142 185
142 251
143 194
143 273
143 283
143 359
143 413
143 521
143 586
143 816
143 628
143 667
143 940
144 164
144 213
144 496
144 564
144 637
144 721
144 259
144 307
144 679
144 848
144 876
144 962
145 397
145 499
145 820
145 931
145 976
145 278
145 506
145 692
145 699
145 904
146 857
146 969
147 316
147 790
147 849
147 881
148 522
148 568
148 613
148 727
148 759
148 925
148 534
148 538
148 822
148 824
148 931
149 558
149 559
149 623
149 629
149 806
150 547
150 723
150 784
150 375
150 806
150 951
151 198
151 623
151 703
151 560
152 202
152 236
152 481
152 681
152 732
152 181
152 640
152 717
152 775
153 382
153 807
153 236
153 416
153 803
153 975
154 232
154 532
154 837
155 292
155 401
155 828
155 395
155 524
155 568
155 679
155 976
156 400
156 450
156 489
156 773
156 971
156 161
156 173
156 184
156 305
156 432
156 451
156 622
156 750
157 309
157 464
157 503
157 931
157 487
158 164
158 254
158 335
158 401
158 537
158 893
158 219
158 238
158 715
159 303
159 802
159 536
159 628
160 272
160 467
160 513
160 689
160 846
160 970
160 334
160 452
160 651
160 903
161 251
161 482
161 719
161 194
161 259
161 444
161 871
162 273
162 253
162 268
162 549
163 254
163 391
163 429
163 830
163 239
163 780
163 921
164 274
164 745
164 987
164 258
164 595
164 853
165 235
165 718
165 859
165 304
165 595
165 687
165 953
166 419
166 569
166 678
166 783
166 868
166 203
166 413
166 470
166 665
166 763
166 867
166 932
167 202
167 384
167 672
167 815
167 176
167 788
167 801
167 891
168 403
168 461
168 275
168 416
168 468
168 587
169 732
169 906
169 917
169 476
169 565
169 748
169 774
169 923
170 479
170 522
170 945
170 174
170 529
170 859
170 942
171 536
171 829
171 259
171 338
172 972
172 261
172 271
172 334
172 806
172 880
173 350
173 385
173 409
173 447
173 552
173 787
173 844
173 937
173 957
173 645
173 754
173 769
173 939
174 187
174 288
174 790
174 926
174 218
174 511
174 589
174 807
174 883
174 988
174 998
175 699
175 714
175 841
175 955
175 420
175 487
175 538
175 905
176 240
176 599
176 618
176 639
176 696
176 950
176 276
176 626
176 788
177 293
177 382
177 527
177 555
177 703
177 945
177 994
178 221
178 242
178 359
178 360
178 403
178 524
178 846
178 816
179 946
179 948
180 359
180 684
180 862
180 958
180 485
180 593
180 637
180 767
181 341
181 504
181 989
181 931
182 275
182 530
182 637
182 712
182 762
182 838
182 932
183 219
183 458
183 750
183 624
184 230
184 282
184 373
184 554
184 666
184 293
184 347
184 713
185 285
185 553
185 689
185 551
186 189
186 637
186 729
186 867
186 910
186 786
186 855
186 878
186 885
187 276
187 618
187 993
188 257
188 287
188 356
188 436
188 685
188 727
188 731
189 559
189 735
189 957
189 296
189 323
189 329
189 809
190 432
190 483
190 580
190 822
190 320
190 566
190 809
191 302
191 581
191 786
191 921
191 268
191 622
191 904
192 663
192 261
192 331
192 485
192 519
192 926
193 805
193 858
193 908
193 247
193 405
193 975
194 455
194 246
195 269
195 395
195 430
195 483
195 603
195 777
195 656
195 724
195 974
196 265
196 320
196 466
196 683
196 766
197 486
197 575
197 287
197 418
197 911
197 943
198 440
198 612
198 747
198 531
199 255
199 287
199 677
199 685
199 883
199 373
200 401
200 661
200 746
200 491
200 516
200 520
200 993
201 869
201 296
201 965
202 771
202 233
202 297
202 563
202 670
202 740
202 887
203 715
203 903
203 234
203 300
203 861
203 961
204 276
204 837
204 854
204 231
204 244
204 773
204 999
205 409
205 522
205 215
205 636
205 906
206 368
206 423
206 965
206 646
206 667
207 318
207 618
207 770
207 994
207 517
207 980
208 369
208 540
208 641
209 522
209 737
210 473
210 503
210 606
210 564
210 579
210 582
210 786
211 594
211 678
211 733
211 399
211 470
211 809
212 334
212 385
212 837
212 516
212 886
213 252
213 276
213 366
213 570
213 589
213 803
214 278
214 344
214 428
214 759
214 899
214 983
214 245
214 591
214 661
215 992
215 217
215 482
215 678
216 297
216 728
216 485
217 271
217 378
217 492
217 989
217 640
217 701
217 894
218 296
218 450
218 667
218 839
218 687
218 998
219 349
219 477
219 502
219 504
219 919
219 222
219 237
220 647
220 648
220 707
220 831
220 872
220 895
220 974
220 665
220 703
220 745
221 303
221 321
221 335
221 403
221 506
221 271
221 308
221 469
221 921
221 994
222 347
222 561
222 752
222 799
222 927
223 651
223 945
223 245
223 304
223 638
224 250
224 498
224 541
224 292
224 746
225 367
225 619
225 732
225 481
225 707
225 714
225 729
226 311
226 815
226 967
226 447
226 509
226 620
226 634
226 996
227 388
227 495
227 926
227 398
227 464
227 563
227 706
227 869
227 931
227 958
228 634
228 893
228 828
229 276
229 578
229 641
229 665
229 923
229 259
229 629
229 937
230 379
230 385
230 902
230 990
230 467
230 636
230 680
230 767
230 960
231 501
231 524
231 328
231 385
231 507
231 821
232 333
232 366
232 294
232 455
232 705
232 858
232 873
233 446
233 481
233 733
233 829
233 926
233 979
233 276
233 356
233 833
234 247
234 354
234 896
234 804
235 417
235 613
235 727
235 944
235 335
235 585
235 864
235 914
236 653
236 661
236 665
236 704
236 969
237 564
237 478
237 567
238 450
238 552
238 618
238 881
238 970
238 998
238 407
238 409
239 390
239 274
239 834
239 860
240 262
240 333
240 499
240 524
240 851
240 920
240 961
241 675
241 454
242 570
242 893
242 563
243 436
243 454
243 553
243 318
243 420
243 904
244 326
244 450
244 659
244 803
244 848
244 912
244 302
244 584
245 285
245 791
245 909
245 994
246 339
246 509
246 521
246 576
246 523
246 783
247 324
247 360
247 406
247 543
248 552
248 642
248 728
248 851
248 456
248 560
248 649
248 724
248 839
249 451
249 710
249 515
249 538
249 745
250 256
250 994
250 355
250 407
250 744
250 837
251 266
251 970
251 998
251 598
252 290
252 589
252 738
252 754
252 298
252 908
253 697
253 703
253 336
253 356
253 403
253 648
253 952
253 958
254 873
254 956
255 726
255 317
255 939
256 281
256 417
256 601
256 769
256 293
256 469
256 640
256 695
257 476
257 778
257 370
257 653
257 819
257 904
258 334
258 488
258 617
258 683
258 974
258 480
258 608
259 786
259 843
259 546
259 831
259 859
260 493
260 545
260 649
260 877
260 421
260 743
260 898
261 426
261 943
261 967
261 305
261 368
261 627
261 811
261 820
262 604
262 958
262 686
263 294
263 592
264 285
264 317
264 633
264 846
264 847
264 889
264 963
265 439
265 725
265 360
265 583
266 403
266 539
266 436
266 445
266 485
266 640
267 321
267 434
267 862
267 318
267 402
267 526
267 531
267 689
267 744
267 750
267 930
267 941
268 391
268 735
268 779
268 690
268 767
269 321
269 443
269 525
269 728
270 317
270 367
270 437
270 745
270 950
270 962
270 479
270 614
270 626
271 791
271 443
271 590
272 284
272 785
272 394
272 475
272 545
272 629
272 692
273 549
273 617
273 835
274 501
274 834
274 886
275 524
275 547
275 767
275 593
275 717
276 792
276 974
276 489
276 714
277 407
277 553
277 664
277 810
277 746
277 937
278 302
278 303
279 365
279 605
279 906
279 967
280 313
280 546
280 687
280 794
280 887
280 997
280 517
280 628
280 733
280 734
280 947
281 334
281 836
281 983
281 430
281 619
281 633
281 816
281 886
281 988
282 437
282 845
282 898
282 914
282 414
282 495
282 669
282 788
282 992
283 352
283 420
283 456
283 597
283 302
283 773
284 738
284 521
284 652
284 851
284 969
285 313
285 807
285 968
285 676
285 872
285 919
286 395
286 559
286 605
286 714
286 846
286 944
286 460
286 637
286 798
287 838
287 966
287 470
287 806
287 936
288 350
288 521
288 808
288 864
288 363
288 472
288 666
288 775
289 453
289 342
289 410
289 791
289 939
290 294
290 445
290 458
290 510
290 632
290 826
290 966
291 547
291 695
291 873
291 333
291 495
291 556
291 801
291 859
292 491
292 499
292 628
292 694
292 708
292 771
292 561
292 627
293 419
293 425
293 436
293 520
293 901
294 574
294 614
294 770
294 509
294 540
294 802
294 879
294 900
295 615
295 744
296 479
296 680
296 612
296 969
296 984
297 355
297 659
297 904
297 314
297 392
297 629
297 752
297 898
298 345
298 474
298 569
298 858
299 598
299 615
299 951
299 389
299 812
299 864
299 881
300 715
300 561
300 636
300 942
301 657
301 421
301 461
301 466
301 537
301 855
302 586
302 728
302 822
302 309
302 671
302 903
303 479
303 670
303 588
303 998
304 643
304 888
304 992
304 461
304 481
304 749
304 799
304 868
304 973
305 584
305 645
305 668
305 737
305 348
305 485
305 527
305 617
305 747
306 349
306 708
306 757
306 827
306 843
306 438
306 927
307 498
307 751
307 844
307 361
307 400
307 554
307 786
307 988
308 433
308 441
308 494
308 808
308 995
308 479
308 642
308 672
308 727
309 484
309 487
309 653
309 780
309 983
309 719
310 410
310 785
310 842
310 414
310 524
311 911
311 697
311 792
312 411
312 608
312 609
312 625
312 943
312 486
312 890
312 904
312 963
313 383
313 395
313 994
313 590
313 653
313 769
314 573
314 678
314 738
314 751
314 945
315 434
315 838
315 776
316 508
316 528
316 793
316 882
316 892
316 931
316 700
316 858
317 521
317 586
317 758
317 972
317 765
317 909
318 836
318 735
318 742
319 824
319 932
319 589
319 718
320 498
320 644
320 476
320 573
320 633
320 863
321 571
321 627
321 656
321 667
321 432
321 949
322 381
322 565
322 702
322 847
322 515
322 830
323 979
323 343
323 428
323 654
323 673
323 877
323 950
324 702
324 931
324 826
324 892
324 935
325 334
325 743
325 869
325 950
325 448
326 532
326 614
326 790
326 405
326 615
326 762
327 464
327 855
327 985
327 999
327 446
327 614
327 653
327 699
328 898
328 605
328 621
328 730
329 429
329 586
329 645
329 861
329 553
330 477
330 484
330 453
330 492
330 520
330 653
330 790
330 829
331 402
331 891
331 827
331 839
332 962
332 556
332 703
332 715
332 741
333 431
333 536
333 679
333 688
333 734
333 820
333 495
333 676
333 954
334 495
334 635
334 850
334 884
334 496
334 867
335 392
335 402
335 768
335 458
335 648
336 368
336 807
336 847
336 992
336 996
337 386
337 891
338 442
338 659
338 773
338 847
338 555
338 676
338 848
338 931
338 984
339 777
339 902
339 430
339 493
339 909
340 507
340 537
340 680
340 783
340 965
340 803
340 978
341 692
341 784
341 846
341 989
342 555
342 562
342 679
342 361
342 590
342 670
342 724
342 728
342 754
342 993
342 999
343 359
343 753
343 798
343 522
343 535
343 663
343 943
344 598
344 814
344 447
344 596
344 609
345 659
345 804
345 590
345 784
346 778
346 693
347 532
347 458
347 518
347 739
347 811
347 931
348 428
348 705
348 712
348 780
348 798
348 890
349 511
349 542
349 919
349 689
349 747
349 881
350 686
350 721
350 765
350 923
350 929
350 983
350 998
351 446
351 554
351 660
351 846
351 899
351 962
351 603
351 808
352 843
352 985
352 383
352 772
353 569
353 792
353 358
353 397
353 524
353 842
354 584
354 865
354 416
354 437
354 639
354 853
354 938
355 558
355 840
355 949
355 981
356 480
356 568
356 879
356 997
356 596
357 743
357 878
357 386
357 767
358 548
358 930
358 446
358 459
358 528
359 526
359 552
359 646
359 530
360 739
360 923
360 477
360 560
360 909
360 990
361 553
361 395
361 543
361 595
361 731
361 862
362 380
362 571
362 718
362 823
363 925
364 513
364 520
364 766
364 808
364 443
364 456
365 634
365 722
366 495
366 936
366 398
366 628
366 882
367 615
367 664
367 405
367 574
367 800
368 400
368 508
368 860
368 650
368 749
368 817
368 990
369 733
370 925
370 798
370 823
370 862
371 403
371 693
372 444
372 805
372 847
372 445
373 933
373 591
374 461
374 477
374 558
374 698
374 789
375 495
375 760
375 822
375 452
375 459
375 606
375 706
375 938
376 554
376 630
376 823
376 661
376 752
377 522
377 634
377 690
377 544
377 645
378 420
378 651
378 443
378 517
378 608
378 718
378 829
379 938
379 457
379 663
379 946
380 382
380 405
380 740
380 937
380 424
380 719
381 678
381 693
382 584
382 672
382 808
382 799
382 800
383 649
383 774
383 916
383 615
383 683
383 684
384 506
384 590
384 720
384 475
384 486
384 524
384 589
384 674
384 757
384 814
385 564
385 998
385 643
385 894
386 956
386 441
386 678
387 525
387 532
387 568
387 596
387 935
387 956
387 432
387 622
387 807
388 393
388 657
389 798
389 853
389 975
390 623
390 866
390 479
390 698
390 800
390 854
391 427
391 708
391 733
392 533
392 656
392 617
392 829
392 840
393 481
393 496
393 714
393 407
393 740
393 817
393 952
394 398
394 438
394 457
394 658
394 706
394 893
394 664
394 741
394 829
394 840
394 962
395 567
395 849
395 871
395 476
395 526
395 880
396 524
396 708
396 943
396 569
397 771
397 801
398 669
398 814
399 533
399 914
399 717
399 974
400 438
400 735
400 826
400 891
400 518
401 489
401 518
401 840
401 667
401 684
401 685
401 751
402 624
402 648
402 407
402 846
402 949
403 699
403 468
403 652
403 723
404 419
404 500
404 589
404 785
404 823
404 647
405 582
405 945
405 689
405 749
405 777
405 791
406 605
406 744
406 539
406 663
407 479
407 901
408 459
408 529
408 579
408 791
408 824
409 687
409 715
409 775
410 505
410 551
411 586
411 663
411 502
411 800
411 943
412 497
412 611
412 650
412 878
413 695
413 550
413 656
414 834
414 459
414 460
414 640
414 698
415 525
415 680
415 876
415 925
415 526
415 814
416 585
416 463
416 556
416 673
416 922
416 923
416 976
417 438
417 729
417 862
417 539
418 941
419 453
419 912
419 423
419 429
421 627
421 866
423 859
423 986
423 554
423 951
423 995
424 505
424 512
424 758
425 552
425 621
425 740
425 851
425 971
425 703
426 594
426 514
426 519
426 557
426 896
426 935
427 454
427 643
427 724
427 934
427 984
427 742
427 924
428 904
429 537
430 690
430 912
430 459
430 881
431 440
431 507
431 490
431 598
431 641
431 844
431 941
432 593
432 848
432 861
432 520
432 637
432 777
432 867
432 901
432 976
433 482
433 907
433 917
434 542
434 456
434 917
435 500
435 610
435 644
435 826
435 967
435 579
436 578
436 816
437 880
437 931
437 442
437 468
437 568
437 830
438 850
438 853
438 860
438 497
438 589
438 733
438 835
439 446
439 717
439 782
439 885
439 923
439 953
439 755
440 711
440 876
440 880
440 443
440 544
441 609
441 766
441 491
441 626
442 478
442 686
442 487
442 613
442 692
442 887
443 610
443 724
444 655
444 463
444 693
445 647
445 652
445 659
445 674
445 673
445 775
445 951
446 705
446 717
446 524
446 582
446 584
446 657
446 740
446 942
447 835
448 458
448 592
448 599
449 717
449 815
449 899
449 524
449 701
449 859
449 962
450 488
450 623
450 944
451 909
451 718
451 771
451 857
451 919
451 927
452 860
452 579
452 637
453 769
453 523
453 577
453 649
454 672
454 927
454 503
454 805
455 489
455 512
455 532
455 703
455 866
455 969
455 578
455 976
456 744
457 500
457 640
457 780
457 855
457 460
457 502
458 639
458 959
458 994
459 642
459 874
459 779
459 928
460 471
460 543
460 839
460 717
460 845
461 533
461 556
461 627
461 648
461 819
461 882
461 545
462 608
462 943
462 542
462 737
462 746
462 876
463 848
463 770
464 474
464 827
464 465
464 472
464 666
464 723
464 813
465 545
465 782
465 828
465 559
466 822
466 488
466 780
466 949
467 678
467 497
467 500
467 727
467 924
468 724
468 777
469 486
469 648
469 938
469 626
470 773
470 784
470 886
471 592
471 768
472 950
472 993
473 665
473 914
473 955
473 819
473 993
474 599
474 749
474 850
474 961
475 703
475 757
475 863
475 917
475 997
475 635
476 646
476 813
476 584
476 739
477 628
477 995
477 566
477 972
478 487
478 647
479 903
480 579
480 688
480 939
480 749
480 822
480 870
481 868
482 658
482 725
482 950
482 675
482 943
482 972
483 649
483 736
483 746
484 851
485 602
485 833
485 844
485 969
485 997
486 755
486 602
486 658
486 751
486 837
486 942
486 991
487 513
487 795
487 912
487 668
488 856
488 905
488 993
489 563
489 716
489 793
489 895
489 636
489 648
489 898
490 742
490 704
490 794
490 943
490 976
491 567
491 945
491 518
492 649
492 580
492 596
492 603
492 766
492 864
493 538
493 912
493 972
493 527
493 986
494 552
494 689
495 758
495 760
495 818
496 975
496 665
496 909
496 922
497 765
497 666
497 757
498 576
498 871
499 594
499 714
499 744
499 773
499 922
499 964
500 677
500 975
500 795
501 694
501 771
501 527
501 979
501 984
502 578
502 672
503 797
503 987
504 538
504 558
504 565
504 581
504 926
504 699
505 535
505 741
506 564
507 627
507 800
507 630
507 782
507 820
508 635
508 906
508 672
508 880
510 971
511 770
511 778
511 607
511 776
511 847
512 667
512 711
512 817
512 839
512 868
512 978
512 990
513 975
513 576
513 634
513 804
514 600
514 875
514 952
514 988
515 570
515 581
515 653
515 780
515 806
515 675
515 707
515 815
515 832
515 905
516 624
516 854
517 565
517 787
517 958
517 984
518 700
518 771
518 874
518 877
519 740
519 664
519 735
519 842
519 973
520 601
520 727
520 895
520 707
520 799
520 801
520 834
521 554
521 765
521 615
522 653
522 788
522 790
522 943
523 821
523 931
523 529
523 563
523 604
524 637
524 823
525 609
526 582
526 769
526 810
526 820
526 848
526 990
526 735
526 743
526 831
527 584
527 672
528 927
528 668
528 989
529 578
530 757
530 873
530 552
530 745
530 758
531 768
531 776
531 791
531 821
531 744
532 817
532 843
532 993
532 601
532 753
533 631
533 804
533 864
533 989
534 580
534 796
534 992
534 768
534 856
535 989
535 578
536 667
536 849
536 609
536 723
536 864
536 923
537 649
537 949
537 764
537 984
538 743
538 791
538 854
538 637
538 641
539 892
539 678
539 751
540 623
540 702
541 571
541 772
542 614
542 900
542 786
543 593
544 660
544 888
544 596
544 752
544 779
545 634
546 551
546 725
546 737
546 957
546 568
547 642
547 721
547 946
547 716
547 868
548 793
548 810
548 950
548 962
549 565
549 794
549 913
549 567
549 621
549 831
550 910
550 875
550 916
550 971
551 551
551 594
551 716
551 764
551 784
551 933
551 646
552 675
552 919
552 578
552 954
553 824
554 647
554 690
554 560
556 672
556 993
557 580
557 673
557 708
557 690
557 866
558 623
558 665
558 761
558 889
558 933
559 838
559 883
559 563
559 937
560 910
560 763
560 821
561 609
561 644
561 661
561 692
561 832
561 872
562 669
562 718
562 731
563 616
563 939
563 948
563 699
564 706
564 752
564 805
564 677
564 787
564 842
565 884
565 897
566 751
566 787
566 934
566 961
566 849
567 637
567 893
567 579
567 670
567 700
567 891
567 954
569 605
569 812
569 822
570 665
570 771
570 896
571 776
571 815
571 998
571 615
571 699
571 908
572 674
572 798
572 902
572 980
573 707
573 755
573 812
573 845
573 716
573 855
574 588
574 762
574 848
575 618
576 593
576 773
576 787
576 877
576 671
576 748
577 643
577 652
577 804
577 822
578 638
578 736
578 781
578 987
579 802
579 974
580 642
580 843
580 598
580 762
581 783
581 850
581 676
581 876
581 926
582 605
582 803
582 680
582 987
583 624
583 909
583 989
584 628
584 733
584 930
584 814
585 993
585 628
586 969
587 835
587 602
587 605
587 713
587 819
587 964
588 897
588 755
588 956
589 612
589 874
590 617
590 808
590 838
590 872
591 760
592 635
592 646
592 994
593 648
593 953
593 745
593 845
593 956
594 732
594 983
594 683
594 814
594 961
595 833
596 645
596 833
596 618
596 676
596 941
597 705
597 640
598 644
598 933
599 890
599 755
599 877
600 967
600 852
601 645
601 770
601 802
601 835
601 608
601 883
602 840
602 931
603 839
604 619
605 637
605 811
605 873
606 653
606 684
607 614
607 662
607 829
607 978
608 619
608 687
608 877
609 627
609 759
609 788
609 972
610 623
610 634
610 932
611 839
611 614
611 711
611 889
611 962
612 632
612 761
613 635
613 722
613 831
613 990
613 619
614 892
615 671
615 835
615 672
615 727
615 972
616 792
616 800
616 669
617 824
617 946
618 642
618 931
619 693
619 718
619 852
620 760
620 854
620 879
620 903
620 935
620 993
621 684
621 790
621 964
622 752
622 641
622 778
622 908
623 733
623 865
623 988
624 763
624 699
624 742
624 957
625 836
625 921
625 944
625 845
625 883
626 626
626 803
627 676
627 875
627 917
627 945
628 674
628 852
628 747
629 673
629 995
630 894
630 923
630 947
631 712
631 949
632 708
634 698
634 796
634 938
634 855
635 717
635 714
636 740
636 907
637 759
637 673
637 726
637 777
638 700
638 729
638 819
639 759
639 965
639 770
640 927
640 663
640 856
641 710
641 847
642 674
644 966
644 984
644 789
644 895
644 946
645 795
645 818
645 918
645 679
646 803
646 784
646 889
647 778
647 890
647 657
647 846
647 901
648 744
648 868
648 925
648 947
649 910
649 662
649 931
649 941
650 667
650 687
650 706
650 802
650 832
651 963
652 659
652 730
653 702
653 916
653 971
654 760
654 892
654 996
655 857
655 918
655 873
656 878
656 967
656 815
657 771
657 858
657 947
657 995
657 786
658 761
659 669
660 885
660 674
660 716
662 864
662 964
662 800
663 694
663 864
664 782
664 873
665 862
665 922
666 679
666 964
666 843
666 845
667 879
668 675
668 934
668 936
669 734
669 999
669 750
669 896
669 963
670 827
670 837
672 888
672 975
672 733
672 803
672 966
673 940
674 776
674 881
675 852
675 870
675 828
676 758
676 785
677 845
677 801
679 705
680 748
681 727
681 928
681 698
681 786
682 836
682 928
683 786
683 851
684 788
684 850
684 907
684 910
684 983
684 785
684 920
684 959
685 809
685 931
685 711
685 896
686 984
686 749
687 901
687 878
688 963
688 720
688 982
690 762
690 793
691 768
691 910
692 720
692 920
693 700
693 756
694 738
694 836
696 875
696 903
696 760
696 774
696 914
696 915
697 736
697 871
697 930
698 889
698 817
698 884
699 764
699 919
699 943
699 969
703 946
703 796
704 951
706 706
706 852
706 919
707 849
707 899
707 986
708 985
709 835
709 864
709 882
711 962
711 728
711 892
712 941
713 967
714 771
714 799
714 943
715 862
715 967
715 982
715 742
716 827
716 934
716 994
717 933
718 924
718 836
718 868
719 782
720 980
720 987
720 930
721 726
721 829
721 863
721 865
723 925
724 847
724 918
724 956
724 968
724 838
725 771
726 746
726 967
726 894
726 902
726 993
727 742
728 994
728 892
730 827
730 797
731 744
731 904
732 963
732 783
732 797
733 980
734 846
734 990
735 766
735 780
735 844
735 886
736 773
736 956
736 958
736 988
736 995
737 989
737 909
737 970
738 932
738 997
739 831
739 960
739 988
740 965
741 916
742 826
742 846
742 819
743 922
743 814
743 979
744 878
744 896
745 760
745 970
745 830
746 876
746 918
747 934
747 899
748 997
749 874
749 805
750 790
750 820
750 862
751 774
751 833
752 975
752 896
753 755
753 813
754 762
755 928
756 999
757 809
757 873
758 908
759 831
759 952
760 772
760 999
761 963
761 830
761 855
763 774
763 938
764 926
766 769
766 803
766 849
766 780
766 826
766 841
767 992
767 899
768 906
769 989
769 997
769 805
769 871
769 890
770 843
770 871
770 920
771 872
772 772
772 969
772 977
772 812
772 943
774 792
774 776
774 783
775 794
775 925
775 959
776 833
777 904
778 936
779 854
779 959
780 853
780 897
781 789
781 796
782 890
783 798
783 937
783 848
784 859
786 972
787 900
787 992
787 853
787 979
788 939
789 863
789 894
792 861
792 878
793 841
794 884
794 957
795 865
795 997
796 846
797 900
798 946
799 939
800 910
801 860
802 989
802 840
804 831
804 860
804 898
806 978
807 852
807 919
809 962
811 975
811 950
812 837
812 840
812 832
813 923
813 936
814 840
814 895
814 916
814 983
814 857
814 964
815 926
815 991
815 841
816 912
818 836
818 979
819 913
820 968
820 858
820 917
821 892
823 895
823 912
823 973
824 940
824 964
825 968
825 969
825 940
825 983
826 944
826 973
827 867
829 916
829 917
829 993
829 980
831 849
831 873
831 986
832 891
833 925
835 996
837 876
837 926
839 942
840 995
841 995
841 930
842 915
842 989
843 906
844 897
844 926
845 981
846 927
847 924
847 937
847 959
848 859
848 875
850 894
850 942
850 902
851 979
852 978
852 889
852 897
852 974
853 916
854 936
855 988
856 909
856 987
857 865
859 859
859 914
859 921
861 950
862 946
864 941
864 997
866 897
867 894
867 940
867 910
872 931
873 909
875 900
879 986
880 909
880 941
881 893
882 985
883 970
884 967
885 930
886 909
886 981
887 933
888 907
889 945
893 900
895 991
897 899
897 978
897 977
898 925
899 905
900 931
901 919
903 983
903 995
904 982
905 921
906 907
907 966
908 969
909 936
910 926
916 943
916 952
918 958
920 950
921 991
922 995
923 928
924 999
925 957
925 991
925 942
926 946
929 979
930 985
932 981
934 997
935 984
937 979
943 956
946 995
948 987
948 952
950 970
950 961
958 972
972 977
983 999
986 991
